start read csr bin file....uintV_size=4,uintE_size=8
vertex_count=3774768,edge_count=33037894
finish read csr bin file, elapsed_time=635.621ms
start build csr...
vertex_count=5,edge_count=14
finish building CSR
restriction[0]: 4294967295
restriction[1]: 0
restriction[2]: 4294967295
restriction[3]: 2
restriction[4]: 4294967295
start build csr...
vertex_count=5,edge_count=14
finish building CSR
restriction[0]: 4294967295
restriction[1]: 0
restriction[2]: 4294967295
restriction[3]: 2
restriction[4]: 4294967295
793
1
reuse[0]: 255

reuse[1]: 255
0 
reuse[2]: 1
80 1 
reuse[3]: 2
80 81 
reuse[4]: 255
2 3 
start searching

233359983 233359996 233359999 233360007 233360015 233360022 233360048 233360051 233360066 233360071 233360074 233360107 233360114 233360134 233360136 233360168 233360171 233360183 233360189 233360206 
233360215 233360227 233360254 233360257 233360266 233360287 233360310 233360318 233360323 233360357 233360360 233360362 233360370 233360377 233360396 233360417 233360437 233360441 233360469 233360474 
233360485 233360492 233360515 233360540 233360559 233360577 233360577 233360583 233360607 233360611 233360640 233360643 233360646 233360669 233360682 233360713 233360715 233360716 233360730 233360740 
233360743 233360751 233360754 233360759 233360770 233360778 233360791 233360795 233360795 233360798 233360799 233360813 233360817 233360822 233360827 233360829 233360844 233360855 233360866 233360868 
233360881 233360882 233360894 233360897 233360906 233360912 233360943 233360944 233360971 233360998 233361001 233361003 233361012 233361014 233361048 233361061 233361089 233361091 233361104 233361104 
233361120 233361125 233361157 233361181 233361196 233361204 233361211 233361211 233361229 233361240 233361265 233361289 233361304 233361314 233361328 233361343 233361348 233361368 233361379 233361385 
233361397 233361414 233361427 233361436 233361458 233361461 233361468 233361475 233361480 233361502 233361524 233361530 233361533 233361576 233361593 233361593 233361594 233361600 233361620 233361650 
233361677 233361697 233361705 233361715 233361745 233361746 233361749 233361756 233361761 233361764 233361779 233361804 233361815 233361817 233361852 233361863 233361874 233361875 233361897 233361921 
233361921 233361939 233361943 233361956 233361965 233362006 233362017 233362020 233362037 233362053 233362065 233362092 233362092 233362093 233362095 233362111 233362116 233362153 233362156 233362161 
233362169 233362191 233362197 233362206 233362209 233362214 233362215 233362215 233362228 233362255 233362257 233362264 233362269 233362272 233362276 233362299 233362300 233362302 233362311 233362314 
233362317 233362321 233362328 233362331 233362350 233362358 233362358 233362365 233362375 233362378 233362399 233362406 233362415 233362418 233362430 233362434 233362437 233362452 233362452 233362455 
233362459 233362469 233362476 233362479 233362483 233362513 233362526 233362531 233362539 233362543 233362546 233362577 233362583 233362594 233362601 233362604 233362618 233362627 233362633 233362638 
233362639 233362647 233362650 233362650 233362652 233362680 233362681 233362699 233362703 233362704 233362709 233362719 233362726 233362732 233362747 233362754 233362754 233362755 233362759 233362769 
233362780 233362782 233362810 233362822 233362832 233362833 233362834 233362834 233362844 233362862 233362872 233362884 233362917 233362927 233362943 233362944 233362949 233362957 233362985 233362988 
233362999 233363042 233363044 233363044 233363046 233363058 233363075 233363160 233363392 233363402 233363406 233363499 233363506 233363520 233363525 233363530 233363547 233363560 233363563 233363564 
233363564 233363583 233363586 233363610 233363613 233363623 233363626 233363650 233363651 233363655 233363667 233363686 233363699 233363700 233363722 233363724 233363732 233363744 233363757 233363761 
233363783 233363785 233363786 233363794 233363800 233363805 233363836 233363841 233363843 233363846 233363860 233363867 233363880 233363891 233363900 233363905 233363914 233363922 233363926 233363940 
233363943 233363947 233363971 233363972 233363980 233363993 233364009 233364013 233364026 233364032 233364051 233364055 233364062 233364071 233364080 233364097 233364119 233364119 233364121 233364134 
233364140 233364161 233364162 233364164 233364170 233364181 233364183 233364205 233364206 233364221 233364225 233364225 233364244 233364264 233364274 233364290 233364303 233364305 233364310 233364319 
233364327 233364331 233364355 233364359 233364364 233364383 233364392 233364394 233364420 233364423 233364430 233364457 233364457 233364464 233364469 233364471 233364491 233364492 233364503 233364510 
233364518 233364529 233364530 233364538 233364545 233364549 233364555 233364573 233364580 233364602 233364611 233364616 233364618 233364621 233364631 233364646 233364649 233364654 233364669 233364686 
233364693 233364694 233364716 233364721 233364722 233364726 233364735 233364752 233364771 233364771 233364784 233364793 233364801 233364811 233364812 233364817 233364835 233364844 233364863 233364867 
233364874 233364874 233364880 233364887 233364894 233364916 233364929 233364942 233725241 233725267 233725280 233725282 233725295 233725336 233725342 233725345 233725355 233725367 233725385 233725391 
233725421 233725432 233725435 233725465 233725469 233725476 233725510 233725511 233725515 233725520 233725553 233725586 233725599 233725605 233725633 233725644 233725657 233725682 233725689 233725704 
233725727 233725734 233725735 233725740 233725748 233725749 233725938 233725997 233726006 233726051 233726056 233726061 233726094 233726109 233726112 233726121 233726121 233726163 233726168 233726186 
233726201 233726216 233726219 233726222 233726240 233726264 233726274 233726275 233726319 233726321 233726335 233726342 233726353 233726370 233726382 233726390 233726427 233726429 233726436 233726448 
233726461 233726497 233726497 233726508 233726551 233726556 233726561 233726564 233726594 233726602 233726606 233726635 233726645 233726654 233726660 233726662 233726669 233726675 233726678 233726679 
233726682 233726710 233726718 233726744 233726751 233726752 233726761 233726784 233726789 233726795 233726796 233726802 233726822 233726835 233726835 233726858 233726863 233726897 233726905 233726926 
233726928 233726929 233726933 233726986 233726994 233727002 233727007 233727028 233727052 233727066 233727073 233727079 233727080 233727108 233727128 233727130 233727157 233727194 233727206 233727210 
233727227 233727229 233727249 233727266 233727281 233727284 233727306 233727308 233727327 233727358 233727361 233727376 233727401 233727405 233727413 233727425 233727427 233727475 233727476 233727484 
233727489 233727493 233727503 233727509 233727524 233727529 233727533 233727541 233727542 233727546 233727546 233727559 233727562 233727567 233727578 233727586 233727597 233727627 233727641 233727647 
233727658 233727668 233727699 233727708 233727709 233727733 233727750 233727760 233727774 233727777 233727804 233727817 233727817 233727846 233727866 233727870 233727871 233727882 233727888 233727888 
233727912 233727921 233727922 233727923 233727925 233727945 233727954 233727959 233727972 233727974 233727990 233727991 233727993 233727996 233728001 233728009 233728017 233728020 233728020 233728027 
233728036 233728044 233728052 233728081 233728094 233728094 233728107 233728111 233728114 233728115 233728119 233728132 233728145 233728149 233728151 233728152 233728163 233728186 233728192 233728208 
233728227 233728231 233728234 233728236 233728243 233728243 233728294 233728304 233728316 233728316 233728320 233728322 233728347 233728359 233728361 233728382 233728395 233728402 233728403 233728445 
233728447 233728450 233728477 233728480 233728481 233728485 233728515 233728530 233728534 233728536 233728537 233728549 233728574 233728579 233728582 233728594 233728599 233728623 233728630 233728643 
233728650 233728661 233728682 233728683 233728687 233728704 233728733 233728734 233728746 233728760 233728772 233728791 233728792 233728792 233728799 233728819 233728826 233728840 233728861 233728865 
233728867 233728868 233728876 233728889 233728898 233728899 233728905 233728910 233728915 233728916 233728920 233728923 233728930 233728938 233728947 233728956 233728959 233728960 233728970 233728972 
233728979 233728980 233728982 233728993 233728993 233729003 233729003 233729026 233729035 233729050 233729052 233729056 233729058 233729059 233729087 233729095 233729101 233729110 233729116 233729126 
233729139 233729142 233729145 233729163 233729163 233729193 233729195 233729203 233729206 233729220 233729233 233729240 233729255 233729259 233729264 233729283 233729286 233729289 233729292 233729311 
233729318 233729321 233729337 233729340 233729358 233729362 233729368 233729371 233729374 233729409 233729416 233729422 233729428 233729443 233729452 233729455 233729470 233729473 233729486 233729496 
233729498 233729498 233729512 233729515 233729542 233729546 233729554 233729570 233729581 233729595 233729598 233729613 233729629 233729630 233729634 233729641 233729659 233729660 233729673 233729691 
233729691 233729711 233729726 233729727 233729728 233729738 233729754 233729767 233729769 233729775 233729778 233729789 233729793 233729805 233729807 233729815 233729820 233729836 233729836 233729849 
233729858 233729862 233729891 233729892 233729916 233729917 233729924 233729934 233729935 233729946 233729949 233729976 233729981 233729982 233730000 233730007 233730008 233730011 233730026 233730042 
233730048 233730053 233730068 233730087 233730096 233730099 233730108 233730124 233730131 233730131 233730135 233730144 233730149 233730180 233730194 233730197 233858920 233858995 233859020 233859064 
233859064 233859067 233859081 233859101 233859113 233859142 233859153 233859158 233859176 233859204 233859208 233859219 233859225 233859245 233859248 233859251 233859257 233859270 233859286 233859292 
233859295 233859300 233859346 233859368 233859370 233859378 233859402 233859431 233859435 233859446 233859474 233859485 233859518 233859565 233859569 233859579 233859597 233859609 233859643 233859694 
233859702 233859725 233859764 233859765 233859790 233859944 233859973 233860232 233860261 233860411 233860412 233860430 233860437 233860448 233860462 233860491 233860497 233860506 233860509 233860510 
233860514 233860523 233860529 233860530 233860539 233860549 233860558 233860560 233860561 233860564 233860568 233860571 233860576 233860586 233860588 233860603 233860613 233860616 233860617 233860618 
233860627 233860639 233860641 233860642 233860658 233860662 233860671 233860671 233860681 233860692 233860693 233860706 233860721 233860730 233860743 233860743 233860743 233860778 233860779 233860783 
233860802 233860808 233860811 233860829 233860840 233860847 233860860 233860873 233860916 233861003 233861009 233861023 233861071 233861081 233861095 233861107 233861109 233861113 233861118 233861120 
233861122 233861122 233861145 233861148 233861153 233861159 233861161 233861170 233861173 233861177 233861178 233861181 233861184 233861191 233861194 233861203 233861207 233861210 233861222 233861225 
233861233 233861240 233861253 233861258 233861260 233861260 233861268 233861289 233861291 233861291 233861297 233861303 233861303 233861305 233861320 233861324 233861340 233861349 233861355 233861358 
233861361 233861365 233861378 233861383 233861390 233861402 233861404 233861409 233861409 233861414 233861431 233861442 233861444 233861459 233861480 233861485 233861488 233861502 233861547 233861619 
233861626 233861649 233861676 233861688 233861695 233861699 233861716 233861737 233861741 233861744 233861760 233861764 233861766 233861770 233861771 233861781 233861783 233861796 233861796 233861807 
233861814 233861818 233861822 233861825 233861834 233861838 233861842 233861842 233861843 233861856 233861867 233861868 233861880 233861892 233861903 233861907 233861909 233861923 233861934 233861943 
233861948 233861955 233861958 233861960 233861992 233861996 233862006 233862009 233862013 233862035 233862058 233862101 233862254 233862323 233862324 233862338 233862340 233862347 233862352 233862361 
233862368 233862373 233862378 233862385 233862391 233862402 233862406 233862418 233862419 233862422 233862424 233862434 233862438 233862441 233862443 233862451 233862454 233862457 233862462 233862466 
233862483 233862485 233862486 233862500 233862501 233862504 233862516 233862522 233862523 233862537 233862541 233862543 233862557 233862561 233862562 233862563 233862573 233862584 233862585 233862595 
233862597 233862599 233862611 233862611 233862613 233862614 233862625 233862627 233862633 233862639 233862642 233862649 233862662 233862671 233862675 233862678 233862680 233862682 233862685 233862694 
233862703 233862705 233862706 233862708 233862708 233862717 233862719 233862730 233862734 233862742 233862754 233862766 233862773 233862777 233862777 233862780 233862788 233862793 233862794 233862796 
233862800 233862803 233862817 233862818 233862831 233862833 233862842 233862861 233862861 233862866 233862872 233862873 233862874 233862874 233862875 233862877 233862883 233862888 233862905 233862907 
233862909 233862915 233862921 233862936 233862937 233862939 233862940 233862941 233862946 233862950 233862960 233862965 233862972 233862974 233862978 233862980 233862989 233862997 233863004 233863004 
233863005 233863009 233863009 233863017 233863021 233863028 233863038 233863040 233863048 233863055 233863072 233863077 233863077 233863082 233863096 233863099 233863100 233863103 233863105 233863126 
233863128 233863132 233863134 233863134 233863139 233863143 233863143 233863147 233863152 233863153 233863168 233863169 233863171 233863173 233863173 233863187 233863201 233863205 233863210 233863213 
233863214 233863216 233863216 233863231 233863233 233863240 233863245 233863257 233863259 233863270 233863279 233863282 233863284 233863290 233863298 233863298 233863299 233863310 233863314 233863319 
233863324 233863325 233863330 233863333 233863336 233863338 233863341 233863348 233863353 233863371 233863376 233863386 233863388 233863392 233863397 233863406 233863408 233863417 233863418 233863429 
233863430 233863437 233863440 233863446 233863451 233863453 233863458 233863460 233863464 233863473 233863485 233863486 233863492 233863501 233863514 233863517 233863519 233863525 233863527 233863528 
233863530 233863538 233863545 233863550 233863553 233863561 233863567 233863580 233863581 233863583 233863599 233863601 233863601 233863613 233863617 233863618 233863620 233863623 233863633 233863633 
233863644 233863651 233863653 233863654 233863655 233863661 233863661 233863668 233863673 233863680 233863680 233863695 233863701 233863701 233863709 233863710 233863713 233863714 233863734 233863734 
233863739 233863745 233863750 233863751 233863767 233863792 233863801 233863817 234154027 234154087 234154150 234154151 234154156 234154208 234154213 234154244 234154274 234154290 234154291 234154293 
234154297 234154301 234154322 234154337 234154342 234154348 234154361 234154395 234154396 234154401 234154414 234154417 234154471 234154472 234154493 234154496 234154503 234154507 234154546 234154559 
234154575 234154592 234154597 234154600 234154627 234154664 234154684 234154694 234154740 234154777 234154826 234154862 234154879 234154928 234154990 234155014 234155064 234155303 234155361 234155512 
234155515 234155542 234155553 234155562 234155582 234155593 234155594 234155601 234155616 234155620 234155622 234155622 234155633 234155638 234155639 234155642 234155656 234155665 234155669 234155669 
234155670 234155679 234155683 234155687 234155694 234155698 234155704 234155705 234155718 234155718 234155745 234155749 234155749 234155751 234155763 234155764 234155767 234155777 234155778 234155793 
234155815 234155816 234155821 234155836 234155842 234155845 234155856 234155882 234155901 234155935 234155937 234155951 234156016 234156020 234156049 234156067 234156109 234156128 234156185 234156187 
234156188 234156192 234156192 234156196 234156216 234156218 234156218 234156223 234156236 234156240 234156250 234156256 234156260 234156263 234156265 234156270 234156282 234156286 234156289 234156297 
234156301 234156302 234156311 234156316 234156316 234156329 234156330 234156336 234156343 234156348 234156354 234156356 234156383 234156391 234156391 234156394 234156405 234156409 234156420 234156425 
234156429 234156431 234156438 234156468 234156472 234156477 234156478 234156492 234156508 234156511 234156516 234156522 234156548 234156563 234156584 234156605 234156702 234156770 234156790 234156791 
234156794 234156797 234156812 234156828 234156836 234156839 234156841 234156843 234156843 234156866 234156866 234156871 234156879 234156885 234156885 234156899 234156902 234156908 234156910 234156914 
234156919 234156930 234156938 234156949 234156951 234156955 234156966 234156971 234156976 234156979 234156980 234157007 234157009 234157012 234157013 234157025 234157034 234157044 234157057 234157062 
234157076 234157088 234157115 234157118 234157150 234157174 234157184 234157200 234157251 234157259 234157386 234157421 234157433 234157445 234157450 234157450 234157454 234157468 234157469 234157471 
234157473 234157476 234157491 234157497 234157506 234157508 234157509 234157509 234157522 234157523 234157530 234157530 234157543 234157552 234157559 234157561 234157566 234157570 234157574 234157575 
234157585 234157589 234157590 234157604 234157607 234157610 234157624 234157628 234157633 234157636 234157650 234157651 234157658 234157664 234157670 234157675 234157678 234157678 234157691 234157692 
234157694 234157702 234157711 234157720 234157721 234157721 234157724 234157728 234157731 234157741 234157742 234157759 234157765 234157766 234157773 234157789 234157791 234157797 234157798 234157802 
234157806 234157809 234157820 234157821 234157822 234157826 234157828 234157865 234157871 234157876 234157876 234157877 234157884 234157893 234157893 234157906 234157906 234157910 234157914 234157930 
234157939 234157940 234157943 234157953 234157958 234157958 234157967 234157968 234157977 234157979 234157994 234157996 234157999 234158003 234158016 234158020 234158029 234158032 234158038 234158046 
234158050 234158058 234158059 234158059 234158062 234158067 234158068 234158071 234158077 234158088 234158110 234158113 234158113 234158122 234158124 234158133 234158137 234158138 234158139 234158139 
234158144 234158150 234158152 234158156 234158161 234158172 234158175 234158182 234158190 234158192 234158195 234158198 234158210 234158211 234158220 234158235 234158238 234158239 234158241 234158255 
234158261 234158262 234158263 234158264 234158267 234158273 234158285 234158289 234158297 234158302 234158306 234158306 234158314 234158323 234158325 234158329 234158338 234158339 234158348 234158349 
234158353 234158357 234158367 234158368 234158370 234158373 234158386 234158393 234158400 234158404 234158411 234158428 234158428 234158430 234158435 234158437 234158438 234158455 234158456 234158466 
234158472 234158480 234158482 234158485 234158487 234158490 234158491 234158491 234158497 234158501 234158508 234158518 234158519 234158526 234158528 234158537 234158548 234158559 234158570 234158572 
234158573 234158576 234158579 234158592 234158595 234158596 234158601 234158602 234158603 234158608 234158617 234158620 234158634 234158638 234158649 234158649 234158650 234158651 234158652 234158660 
234158660 234158665 234158668 234158670 234158673 234158694 234158703 234158705 234158709 234158715 234158719 234158730 234158737 234158742 234158742 234158742 234158744 234158750 234158751 234158760 
234158761 234158777 234158786 234158793 234158793 234158800 234158810 234158815 234158816 234158818 234158824 234158825 234158828 234158829 234158830 234158834 234158837 234158843 234158856 234158857 
234158862 234158865 234158872 234158882 234158894 234158898 234158901 234158901 234158903 234158910 234158912 234158918 234158921 234158926 234158945 234158949 234158950 234158950 234158976 234158978 
235323937 235324020 235324021 235324084 235324084 235324107 235324122 235324128 235324151 235324176 235324189 235324199 235324203 235324207 235324231 235324239 235324245 235324251 235324268 235324271 
235324273 235324285 235324311 235324323 235324332 235324333 235324390 235324404 235324410 235324410 235324444 235324445 235324455 235324483 235324493 235324502 235324537 235324593 235324593 235324598 
235324614 235324632 235324648 235324664 235324666 235324684 235324787 235324802 235324825 235324850 235324875 235324992 235325208 235325406 235325438 235325456 235325459 235325470 235325511 235325514 
235325526 235325536 235325536 235325541 235325543 235325543 235325546 235325549 235325551 235325551 235325552 235325553 235325566 235325596 235325598 235325616 235325620 235325621 235325626 235325628 
235325630 235325632 235325634 235325636 235325644 235325650 235325651 235325655 235325689 235325694 235325699 235325703 235325709 235325714 235325720 235325721 235325721 235325722 235325724 235325727 
235325731 235325732 235325735 235325765 235325769 235325781 235325810 235325811 235325811 235325813 235325823 235325828 235325858 235325896 235325905 235326059 235326061 235326095 235326126 235326131 
235326137 235326139 235326139 235326140 235326141 235326145 235326151 235326157 235326180 235326193 235326194 235326201 235326211 235326211 235326214 235326214 235326219 235326223 235326224 235326226 
235326227 235326228 235326229 235326233 235326245 235326265 235326270 235326273 235326284 235326295 235326299 235326302 235326305 235326306 235326309 235326311 235326312 235326313 235326323 235326328 
235326343 235326348 235326363 235326374 235326382 235326391 235326392 235326392 235326393 235326395 235326395 235326406 235326428 235326448 235326461 235326470 235326472 235326480 235326484 235326487 
235326488 235326535 235326566 235326567 235326577 235326657 235326686 235326686 235326717 235326719 235326723 235326727 235326730 235326760 235326769 235326782 235326797 235326798 235326801 235326802 
235326803 235326804 235326804 235326805 235326806 235326808 235326814 235326826 235326847 235326859 235326862 235326873 235326881 235326882 235326883 235326884 235326885 235326888 235326897 235326906 
235326927 235326937 235326945 235326964 235326966 235326971 235326978 235326981 235326982 235326984 235326987 235326990 235326991 235327025 235327027 235327054 235327058 235327062 235327064 235327070 
235327082 235327106 235327131 235327142 235327207 235327228 235327316 235327369 235327381 235327384 235327385 235327385 235327387 235327389 235327394 235327396 235327400 235327404 235327420 235327428 
235327441 235327449 235327457 235327468 235327468 235327470 235327471 235327472 235327476 235327476 235327478 235327484 235327488 235327490 235327518 235327527 235327529 235327534 235327536 235327539 
235327540 235327544 235327556 235327558 235327560 235327562 235327573 235327573 235327578 235327596 235327605 235327609 235327610 235327618 235327624 235327626 235327628 235327632 235327635 235327642 
235327661 235327665 235327669 235327674 235327679 235327681 235327687 235327690 235327699 235327703 235327711 235327713 235327732 235327740 235327740 235327745 235327746 235327746 235327748 235327748 
235327753 235327753 235327756 235327768 235327786 235327788 235327790 235327791 235327792 235327815 235327819 235327820 235327824 235327825 235327826 235327848 235327856 235327872 235327875 235327879 
235327883 235327891 235327892 235327898 235327902 235327910 235327910 235327915 235327915 235327929 235327931 235327941 235327943 235327949 235327950 235327954 235327956 235327959 235327971 235327989 
235327989 235327990 235327993 235327993 235328004 235328023 235328032 235328033 235328035 235328039 235328046 235328047 235328051 235328051 235328055 235328056 235328057 235328073 235328073 235328075 
235328097 235328100 235328101 235328105 235328112 235328119 235328129 235328130 235328132 235328133 235328138 235328146 235328152 235328157 235328157 235328170 235328174 235328175 235328175 235328179 
235328181 235328188 235328199 235328207 235328217 235328220 235328221 235328228 235328235 235328241 235328242 235328245 235328257 235328267 235328269 235328273 235328279 235328284 235328286 235328290 
235328301 235328308 235328316 235328319 235328319 235328320 235328328 235328338 235328342 235328346 235328356 235328360 235328364 235328365 235328381 235328383 235328384 235328386 235328401 235328403 
235328404 235328418 235328420 235328422 235328422 235328425 235328434 235328441 235328448 235328450 235328455 235328455 235328457 235328470 235328481 235328485 235328488 235328489 235328493 235328494 
235328502 235328505 235328521 235328521 235328522 235328536 235328540 235328544 235328551 235328553 235328554 235328556 235328557 235328562 235328562 235328566 235328586 235328593 235328597 235328604 
235328609 235328630 235328630 235328631 235328638 235328638 235328638 235328642 235328643 235328644 235328646 235328659 235328665 235328671 235328686 235328708 235328712 235328720 235328722 235328723 
235328725 235328728 235328728 235328733 235328759 235328776 235328776 235328779 235328795 235328796 235328808 235328834 235410235 235410239 235410302 235410353 235410365 235410368 235410378 235410382 
235410383 235410389 235410415 235410440 235410451 235410462 235410468 235410473 235410498 235410506 235410532 235410548 235410551 235410562 235410564 235410565 235410571 235410579 235410615 235410627 
235410648 235410653 235410663 235410677 235410684 235410710 235410760 235410771 235410781 235410805 235410827 235410851 235410871 235410885 235410907 235410924 235410950 235410952 235410967 235411004 
235411036 235411040 235411088 235411121 235411148 235411166 235411184 235411242 235411396 235411546 235411698 235411720 235411723 235411728 235411729 235411746 235411748 235411748 235411770 235411784 
235411798 235411800 235411803 235411806 235411816 235411817 235411824 235411826 235411834 235411837 235411845 235411848 235411851 235411855 235411863 235411879 235411882 235411889 235411891 235411892 
235411897 235411907 235411909 235411917 235411927 235411929 235411945 235411956 235411975 235411981 235411989 235411990 235411993 235411995 235412009 235412023 235412037 235412070 235412076 235412079 
235412102 235412136 235412148 235412242 235412244 235412312 235412314 235412325 235412329 235412348 235412367 235412380 235412391 235412393 235412394 235412409 235412411 235412415 235412416 235412418 
235412422 235412431 235412432 235412432 235412448 235412456 235412460 235412472 235412473 235412480 235412485 235412487 235412491 235412508 235412513 235412513 235412514 235412519 235412532 235412534 
235412559 235412560 235412566 235412567 235412567 235412585 235412592 235412600 235412603 235412606 235412617 235412625 235412642 235412644 235412645 235412654 235412658 235412662 235412686 235412699 
235412728 235412748 235412767 235412771 235412829 235412924 235412943 235412949 235412975 235412991 235412999 235413002 235413003 235413013 235413016 235413017 235413021 235413024 235413033 235413061 
235413066 235413067 235413068 235413069 235413074 235413077 235413080 235413086 235413089 235413097 235413105 235413109 235413113 235413137 235413143 235413143 235413149 235413168 235413168 235413170 
235413171 235413178 235413178 235413189 235413200 235413201 235413221 235413235 235413243 235413245 235413258 235413266 235413278 235413279 235413290 235413320 235413337 235413350 235413353 235413549 
235413577 235413583 235413599 235413628 235413638 235413645 235413648 235413653 235413663 235413665 235413670 235413670 235413671 235413676 235413678 235413678 235413684 235413691 235413701 235413719 
235413725 235413729 235413731 235413735 235413744 235413744 235413748 235413757 235413760 235413765 235413774 235413779 235413800 235413807 235413809 235413818 235413822 235413825 235413834 235413836 
235413837 235413843 235413846 235413846 235413848 235413849 235413856 235413879 235413884 235413888 235413889 235413889 235413901 235413916 235413918 235413919 235413927 235413934 235413935 235413937 
235413960 235413961 235413967 235413972 235413981 235413982 235413988 235413992 235413992 235413992 235414002 235414003 235414008 235414019 235414024 235414026 235414034 235414047 235414051 235414052 
235414059 235414059 235414061 235414064 235414066 235414076 235414083 235414085 235414088 235414104 235414107 235414109 235414113 235414126 235414139 235414142 235414154 235414155 235414156 235414168 
235414171 235414174 235414178 235414179 235414187 235414216 235414220 235414224 235414227 235414227 235414231 235414231 235414231 235414231 235414236 235414247 235414249 235414272 235414281 235414285 
235414285 235414288 235414290 235414296 235414301 235414303 235414309 235414311 235414323 235414325 235414329 235414334 235414341 235414349 235414350 235414355 235414360 235414363 235414379 235414381 
235414389 235414389 235414396 235414396 235414398 235414408 235414412 235414414 235414423 235414424 235414429 235414441 235414441 235414447 235414452 235414453 235414457 235414458 235414468 235414475 
235414487 235414487 235414494 235414497 235414498 235414507 235414514 235414521 235414528 235414531 235414532 235414536 235414545 235414547 235414548 235414552 235414565 235414566 235414576 235414576 
235414579 235414581 235414582 235414592 235414608 235414613 235414627 235414628 235414635 235414656 235414659 235414668 235414671 235414671 235414672 235414687 235414691 235414696 235414699 235414716 
235414718 235414718 235414727 235414731 235414736 235414736 235414756 235414761 235414761 235414761 235414762 235414765 235414773 235414781 235414782 235414785 235414790 235414793 235414794 235414806 
235414812 235414815 235414815 235414818 235414818 235414819 235414827 235414828 235414838 235414843 235414852 235414859 235414866 235414877 235414884 235414888 235414889 235414890 235414890 235414892 
235414895 235414895 235414899 235414918 235414918 235414930 235414930 235414931 235414932 235414942 235414952 235414956 235414959 235414964 235414967 235414970 235414981 235414982 235414994 235414997 
235414999 235415004 235415004 235415007 235415020 235415028 235415030 235415033 235415036 235415038 235415040 235415041 235415044 235415045 235415047 235415059 235415067 235415070 235415077 235415089 
235415098 235415111 235415114 235415133 235613260 235613407 235613552 235613562 235614017 235614037 235614042 235614045 235614047 235614054 235614066 235614077 235614092 235614103 235614103 235614109 
235614121 235614136 235614140 235614141 235614141 235614151 235614156 235614167 235614172 235614175 235614200 235614201 235614208 235614210 235614231 235614236 235614244 235614249 235614249 235614254 
235614255 235614264 235614264 235614283 235614298 235614301 235614303 235614304 235614308 235614314 235614341 235614341 235614347 235614356 235614357 235614361 235614361 235614379 235614379 235614381 
235614398 235614406 235614415 235614418 235614427 235614428 235614441 235614447 235614461 235614469 235614470 235614476 235614487 235614490 235614492 235614492 235614493 235614515 235614518 235614531 
235614532 235614533 235614544 235614567 235614572 235614573 235614576 235614580 235614582 235614604 235614614 235614622 235614628 235614632 235614637 235614643 235614646 235614652 235614656 235614683 
235614687 235614688 235614697 235614713 235614727 235614741 235614747 235614753 235614791 235614855 235614920 235615446 235615450 235615461 235615483 235615498 235615511 235615517 235615523 235615532 
235615551 235615562 235615562 235615572 235615577 235615578 235615583 235615599 235615601 235615611 235615611 235615623 235615626 235615627 235615629 235615632 235615662 235615667 235615670 235615685 
235615685 235615696 235615700 235615709 235615710 235615714 235615719 235615734 235615734 235615747 235615747 235615750 235615768 235615774 235615788 235615793 235615793 235615794 235615814 235615815 
235615817 235615828 235615828 235615842 235615851 235615855 235615855 235615874 235615881 235615882 235615891 235615903 235615908 235615909 235615915 235615922 235615934 235615936 235615942 235615948 
235615961 235615963 235615972 235615980 235615989 235615990 235616001 235616011 235616013 235616017 235616022 235616034 235616036 235616050 235616054 235616065 235616069 235616071 235616073 235616078 
235616091 235616129 235616130 235616141 235616153 235616154 235616154 235616155 235616178 235616185 235616203 235616215 235616247 235616367 235616418 235616589 235616630 235616691 235616707 235616756 
235616807 235616828 235616852 235616880 235616901 235616902 235616908 235616925 235616925 235616928 235616935 235616937 235616940 235616942 235616949 235616959 235616968 235616972 235616982 235616983 
235616990 235616990 235616991 235616996 235617012 235617013 235617015 235617015 235617019 235617022 235617038 235617039 235617044 235617055 235617055 235617057 235617062 235617070 235617072 235617075 
235617085 235617089 235617097 235617098 235617104 235617109 235617111 235617117 235617121 235617122 235617125 235617128 235617132 235617139 235617148 235617151 235617155 235617158 235617160 235617161 
235617168 235617174 235617184 235617185 235617185 235617199 235617207 235617210 235617212 235617214 235617215 235617228 235617237 235617240 235617243 235617243 235617244 235617245 235617246 235617258 
235617262 235617265 235617268 235617273 235617282 235617293 235617301 235617303 235617304 235617310 235617314 235617316 235617318 235617322 235617333 235617345 235617346 235617347 235617351 235617351 
235617357 235617367 235617371 235617371 235617378 235617379 235617380 235617381 235617384 235617388 235617394 235617399 235617410 235617418 235617425 235617435 235617440 235617441 235617443 235617444 
235617445 235617465 235617468 235617470 235617472 235617476 235617477 235617482 235617490 235617496 235617500 235617500 235617505 235617508 235617514 235617516 235617519 235617527 235617529 235617529 
235617535 235617536 235617537 235617561 235617563 235617564 235617565 235617570 235617576 235617580 235617584 235617585 235617591 235617592 235617601 235617608 235617612 235617612 235617628 235617639 
235617642 235617642 235617642 235617647 235617647 235617649 235617659 235617673 235617673 235617674 235617681 235617688 235617689 235617691 235617698 235617699 235617712 235617716 235617719 235617720 
235617728 235617730 235617740 235617744 235617746 235617753 235617762 235617764 235617777 235617783 235617785 235617798 235617803 235617808 235617813 235617817 235617817 235617818 235617825 235617830 
235617832 235617842 235617843 235617847 235617847 235617849 235617850 235617857 235617858 235617866 235617868 235617874 235617881 235617882 235617884 235617887 235617889 235617895 235617903 235617905 
235617919 235617921 235617926 235617926 235617931 235617932 235617937 235617938 235617942 235617944 235617944 235617963 235617969 235617969 235617974 235617982 235617985 235617996 235617997 235618002 
235618005 235618010 235618011 235618024 235618025 235618027 235618029 235618031 235618031 235618046 235618051 235618052 235618054 235618057 235618066 235618074 235618077 235618082 235618084 235618085 
235618090 235618091 235618101 235618103 235618106 235618110 235618116 235618123 235618129 235618133 235618143 235618145 235618155 235618157 235618159 235618160 235618163 235618164 235618165 235618174 
235618185 235618191 235618200 235618201 235618208 235618209 235618212 235618215 235618219 235618220 235618221 235618239 235618257 235618270 235618277 235618281 
1776150458
173.596ms
