start read csr bin file....uintV_size=4,uintE_size=8
vertex_count=403394,edge_count=4886816
finish read csr bin file, elapsed_time=133.016ms
start build csr...
vertex_count=5,edge_count=16
finish building CSR
restriction[0]: 4294967295
restriction[1]: 0
restriction[2]: 4294967295
restriction[3]: 2
restriction[4]: 4294967295
start build csr...
vertex_count=5,edge_count=16
finish building CSR
restriction[0]: 4294967295
restriction[1]: 0
restriction[2]: 4294967295
restriction[3]: 2
restriction[4]: 4294967295
2752
1
0 0 1 0 1 2 0 1 reuse[0]: 255

reuse[1]: 255
0 
reuse[2]: 255
0 1 
reuse[3]: 2
80 81 2 
reuse[4]: 2
80 81 
start searching

39319100 39319147 39319206 39319225 39319335 39319711 39319822 39319868 39319989 39320052 39320100 39320126 39320137 39320148 39320154 39320157 39320177 39320190 39320201 39320206 
39320218 39320237 39320250 39320258 39320259 39320284 39320300 39320306 39320309 39320313 39320313 39320350 39320358 39320374 39320396 39320397 39320401 39320412 39320416 39320416 
39320437 39320448 39320457 39320483 39320514 39320518 39320534 39320536 39320561 39320599 39320630 39320644 39320657 39320667 39320682 39320702 39320790 39320822 39320942 39320999 
39321027 39321070 39321140 39321152 39321170 39321211 39321233 39321242 39321251 39321277 39321281 39321287 39321301 39321303 39321354 39321360 39321393 39321398 39321407 39321414 
39321428 39321428 39321437 39321446 39321493 39321511 39321512 39321522 39321526 39321542 39321561 39321571 39321575 39321591 39321595 39321597 39321610 39321624 39321640 39321640 
39321649 39321682 39321697 39321698 39321706 39321710 39321726 39321727 39321733 39321756 39321758 39321766 39321787 39321792 39321832 39321838 39321840 39321851 39321864 39321869 
39321885 39321905 39321924 39321925 39321934 39321941 39321986 39321989 39322001 39322002 39322023 39322037 39322059 39322074 39322075 39322113 39322121 39322154 39322172 39322234 
39322428 39322516 39322575 39322596 39322638 39322649 39322669 39322689 39322692 39322693 39322707 39322728 39322732 39322741 39322755 39322759 39322783 39322798 39322798 39322804 
39322814 39322823 39322831 39322874 39322876 39322881 39322892 39322897 39322913 39322913 39322934 39322944 39322945 39322961 39322979 39322991 39322994 39323015 39323027 39323028 
39323029 39323042 39323043 39323052 39323075 39323079 39323083 39323113 39323116 39323120 39323130 39323132 39323138 39323178 39323178 39323183 39323184 39323213 39323222 39323228 
39323252 39323264 39323265 39323270 39323316 39323320 39323320 39323328 39323361 39323368 39323397 39323400 39323406 39323417 39323442 39323449 39323459 39323474 39323494 39323527 
39323537 39323548 39323563 39323563 39323585 39323586 39323624 39323634 39323639 39323653 39323670 39323673 39323719 39323743 39323748 39323762 39323763 39323786 39323834 39323852 
39323854 39323860 39323871 39323875 39323888 39323893 39323922 39323925 39323936 39323952 39323986 39323986 39324005 39324010 39324041 39324042 39324042 39324083 39324084 39324090 
39324115 39324115 39324124 39324128 39324129 39324131 39324145 39324156 39324166 39324169 39324175 39324184 39324209 39324215 39324224 39324226 39324226 39324242 39324256 39324268 
39324277 39324294 39324296 39324303 39324304 39324318 39324325 39324334 39324337 39324342 39324368 39324375 39324384 39324393 39324404 39324414 39324422 39324428 39324437 39324438 
39324439 39324446 39324457 39324462 39324492 39324492 39324507 39324511 39324519 39324530 39324542 39324551 39324569 39324576 39324585 39324596 39324614 39324621 39324623 39324635 
39324641 39324671 39324695 39324695 39324706 39324726 39324796 39324863 39324913 39324937 39324951 39324964 39324977 39325008 39325039 39325042 39325044 39325070 39325081 39325109 
39325127 39325128 39325136 39325144 39325154 39325158 39325189 39325199 39325229 39325234 39325235 39325243 39325265 39325269 39325282 39325301 39325319 39325323 39325340 39325344 
39325353 39325383 39325393 39325407 39325420 39325421 39325434 39325439 39325447 39325480 39325494 39325518 39325519 39325524 39325534 39325559 39325572 39325577 39325584 39325590 
39325597 39325611 39325660 39325667 39325680 39325688 39325700 39325711 39325716 39325744 39325746 39325764 39325766 39325779 39325780 39325793 39325828 39325828 39325838 39325861 
39325865 39325870 39325883 39325920 39325924 39325942 39325948 39325955 39325970 39325972 39325981 39325999 39326005 39326011 39326023 39326025 39326028 39326067 39326072 39326083 
39326095 39326099 39326118 39326137 39326139 39326149 39326183 39326193 39326216 39326261 39326265 39326274 39326289 39326314 39326324 39326326 39326326 39326348 39326351 39326359 
39326382 39326391 39326395 39326408 39326417 39326418 39326425 39326437 39338447 39338458 39338467 39338510 39338521 39338658 39338782 39339253 39339254 39339323 39339359 39339413 
39339431 39339437 39339437 39339443 39339447 39339453 39339466 39339468 39339502 39339538 39339539 39339547 39339556 39339563 39339584 39339607 39339637 39339638 39339655 39339661 
39339671 39339679 39339717 39339717 39339729 39339735 39339738 39339748 39339770 39339818 39339822 39339826 39339835 39339854 39339855 39339860 39339891 39339908 39339929 39339932 
39339963 39339964 39339975 39340002 39340173 39340321 39340352 39340394 39340489 39340532 39340545 39340562 39340592 39340596 39340599 39340608 39340620 39340670 39340694 39340697 
39340703 39340725 39340733 39340735 39340738 39340750 39340762 39340812 39340813 39340815 39340834 39340845 39340848 39340879 39340880 39340894 39340905 39340905 39340908 39340912 
39340928 39340930 39340933 39340938 39340966 39340989 39341001 39341019 39341020 39341027 39341033 39341034 39341041 39341048 39341052 39341057 39341062 39341119 39341121 39341124 
39341136 39341138 39341150 39341161 39341162 39341172 39341184 39341198 39341225 39341238 39341245 39341249 39341254 39341274 39341297 39341317 39341347 39341348 39341353 39341359 
39341367 39341436 39341437 39341467 39341474 39341477 39341540 39341585 39341660 39341755 39341848 39341899 39341905 39341909 39341971 39341973 39341981 39341993 39342015 39342021 
39342032 39342034 39342040 39342052 39342060 39342101 39342122 39342131 39342137 39342140 39342164 39342165 39342174 39342174 39342182 39342184 39342191 39342205 39342246 39342268 
39342269 39342271 39342283 39342299 39342300 39342306 39342311 39342319 39342335 39342340 39342355 39342384 39342392 39342408 39342411 39342414 39342421 39342429 39342430 39342441 
39342464 39342470 39342475 39342481 39342483 39342502 39342522 39342524 39342538 39342541 39342581 39342592 39342600 39342604 39342607 39342608 39342619 39342645 39342652 39342684 
39342687 39342692 39342749 39342770 39342776 39342778 39342784 39342822 39342848 39342861 39342865 39342898 39342911 39342915 39342917 39342928 39342982 39342988 39342999 39343002 
39343006 39343036 39343081 39343086 39343087 39343095 39343102 39343127 39343175 39343196 39343202 39343203 39343207 39343218 39343241 39343275 39343289 39343310 39343311 39343313 
39343340 39343349 39343377 39343380 39343391 39343403 39343414 39343420 39343429 39343435 39343458 39343465 39343469 39343474 39343474 39343479 39343490 39343497 39343507 39343508 
39343520 39343546 39343562 39343565 39343574 39343583 39343599 39343605 39343607 39343609 39343610 39343624 39343629 39343638 39343643 39343659 39343673 39343694 39343713 39343718 
39343731 39343736 39343745 39343750 39343762 39343768 39343772 39343784 39343799 39343800 39343824 39343828 39343829 39343835 39343870 39343875 39343883 39343884 39343888 39343893 
39343908 39343909 39343918 39343940 39343953 39343967 39343977 39343981 39343997 39344007 39344045 39344074 39344075 39344099 39344148 39344199 39344262 39344266 39344310 39344329 
39344339 39344355 39344357 39344379 39344379 39344413 39344427 39344438 39344439 39344458 39344460 39344470 39344476 39344509 39344527 39344545 39344548 39344554 39344557 39344572 
39344590 39344608 39344610 39344621 39344641 39344645 39344664 39344680 39344698 39344698 39344707 39344722 39344733 39344754 39344763 39344775 39344776 39344795 39344795 39344813 
39344818 39344860 39344863 39344866 39344872 39344890 39344893 39344910 39344917 39344922 39344926 39344950 39344952 39344967 39344975 39344987 39345021 39345024 39345031 39345051 
39345063 39345065 39345071 39345072 39345078 39345087 39345109 39345121 39345148 39345153 39345159 39345161 39345165 39345166 39345175 39345223 39345226 39345240 39345241 39345251 
39345262 39345270 39345277 39345292 39345300 39345328 39345335 39345336 39345337 39345345 39345359 39345366 39345368 39345374 39345385 39345409 39345428 39345431 39345435 39345459 
39345472 39345476 39345479 39345502 39345516 39345523 39345534 39345540 39345552 39345569 39345572 39345576 39345606 39345606 39345616 39345653 39365076 39365108 39365168 39365212 
39365223 39365233 39365241 39365243 39365243 39365247 39365311 39365317 39365327 39365338 39365355 39365355 39365368 39365370 39365378 39365383 39365384 39365386 39365453 39365468 
39365479 39365497 39365504 39365536 39365789 39365949 39366115 39366132 39366181 39366182 39366184 39366221 39366231 39366239 39366248 39366248 39366252 39366253 39366262 39366263 
39366273 39366283 39366319 39366330 39366332 39366336 39366374 39366377 39366382 39366385 39366386 39366392 39366405 39366411 39366413 39366414 39366419 39366440 39366462 39366477 
39366481 39366489 39366516 39366521 39366527 39366537 39366541 39366550 39366555 39366558 39366559 39366570 39366570 39366571 39366617 39366623 39366636 39366646 39366673 39366674 
39366677 39366682 39366688 39366709 39366711 39366718 39366719 39366779 39366780 39366782 39366787 39366828 39366829 39366851 39366919 39366932 39367076 39367278 39367441 39367561 
39367585 39367642 39367649 39367672 39367681 39367690 39367697 39367698 39367701 39367703 39367714 39367715 39367718 39367723 39367728 39367729 39367745 39367787 39367788 39367803 
39367806 39367830 39367845 39367852 39367853 39367864 39367867 39367869 39367871 39367872 39367875 39367889 39367932 39367939 39367940 39367960 39367977 39367983 39367990 39367990 
39368002 39368007 39368009 39368013 39368015 39368017 39368018 39368038 39368087 39368089 39368091 39368097 39368131 39368131 39368137 39368157 39368166 39368166 39368176 39368177 
39368181 39368191 39368209 39368236 39368239 39368249 39368269 39368278 39368279 39368291 39368303 39368309 39368313 39368372 39368382 39368405 39368425 39368443 39368959 39369009 
39369017 39369028 39369047 39369049 39369052 39369060 39369096 39369100 39369110 39369128 39369134 39369153 39369162 39369172 39369179 39369182 39369183 39369187 39369190 39369192 
39369194 39369206 39369243 39369245 39369254 39369271 39369273 39369301 39369314 39369315 39369317 39369335 39369336 39369337 39369339 39369344 39369347 39369356 39369384 39369402 
39369402 39369408 39369412 39369443 39369449 39369451 39369463 39369465 39369472 39369480 39369493 39369498 39369525 39369543 39369549 39369549 39369565 39369603 39369606 39369610 
39369629 39369657 39369676 39369704 39369709 39369734 39369744 39369746 39369761 39369770 39369867 39369883 39369892 39370110 39370160 39370169 39370179 39370201 39370206 39370243 
39370251 39370268 39370269 39370299 39370299 39370309 39370318 39370322 39370325 39370326 39370332 39370334 39370348 39370380 39370391 39370394 39370403 39370409 39370446 39370449 
39370450 39370465 39370470 39370470 39370475 39370481 39370491 39370493 39370523 39370543 39370550 39370553 39370555 39370584 39370592 39370602 39370608 39370609 39370633 39370634 
39370638 39370640 39370641 39370649 39370675 39370684 39370693 39370706 39370724 39370728 39370739 39370739 39370741 39370761 39370766 39370774 39370780 39370782 39370785 39370810 
39370850 39370854 39370854 39370871 39370880 39370883 39370884 39370884 39370891 39370907 39370919 39370919 39370922 39370924 39370949 39370963 39370963 39370980 39370993 39371003 
39371005 39371006 39371019 39371033 39371038 39371040 39371040 39371051 39371073 39371100 39371102 39371128 39371129 39371132 39371137 39371157 39371165 39371174 39371180 39371191 
39371194 39371208 39371211 39371250 39371251 39371252 39371254 39371261 39371288 39371289 39371319 39371323 39371328 39371329 39371330 39371331 39371334 39371342 39371360 39371365 
39371370 39371394 39371397 39371428 39371432 39371447 39371450 39371459 39371460 39371463 39371463 39371468 39371475 39371481 39371481 39371499 39371507 39371523 39371526 39371531 
39371534 39371541 39371542 39371545 39371548 39371572 39371573 39371579 39371583 39371588 39371590 39371593 39371600 39371603 39371604 39371613 39371615 39371634 39371634 39371637 
39371638 39371640 39371640 39371646 39371659 39371659 39371667 39371667 39371671 39371680 39371681 39371685 39371692 39371702 39371703 39371712 39371714 39371719 39371732 39371737 
39371742 39371750 39371753 39371756 39371759 39371762 39371762 39371765 39371767 39371769 39371771 39371777 39371785 39371807 39371811 39371812 39371814 39371819 39371819 39371828 
39371828 39371832 39371858 39371863 39371867 39371878 39371879 39371882 39371885 39371886 39371890 39371895 39371897 39371900 39371906 39371925 39371929 39371934 39371939 39371947 
39371947 39371950 39371950 39371950 39371951 39371955 39371960 39371961 39371970 39371971 39371989 39371990 39371996 39371997 39372020 39372024 39372025 39372026 39372035 39372054 
39372062 39372063 39372066 39372074 39372077 39372086 39372087 39372094 39498467 39498501 39498513 39498517 39498528 39498542 39498545 39498555 39498570 39498611 39498611 39498626 
39498665 39498670 39498670 39498678 39498690 39498694 39498712 39498718 39498747 39498763 39498829 39498863 39498912 39499409 39499427 39499440 39499450 39499474 39499542 39499543 
39499552 39499573 39499580 39499585 39499607 39499609 39499623 39499624 39499625 39499632 39499638 39499656 39499672 39499688 39499693 39499693 39499694 39499716 39499720 39499732 
39499735 39499735 39499746 39499759 39499763 39499764 39499783 39499803 39499832 39499832 39499833 39499834 39499837 39499861 39499865 39499874 39499881 39499885 39499895 39499911 
39499915 39499919 39499934 39499979 39499984 39499984 39499985 39499990 39500009 39500013 39500025 39500031 39500038 39500040 39500056 39500066 39500067 39500071 39500081 39500122 
39500129 39500133 39500147 39500166 39500172 39500177 39500191 39500214 39500284 39500322 39500362 39500869 39500871 39500885 39500912 39500926 39500926 39500956 39500983 39501010 
39501015 39501035 39501036 39501038 39501046 39501057 39501068 39501069 39501079 39501081 39501096 39501096 39501118 39501147 39501147 39501154 39501163 39501169 39501175 39501195 
39501199 39501202 39501211 39501214 39501230 39501239 39501243 39501248 39501280 39501297 39501300 39501319 39501320 39501326 39501332 39501347 39501349 39501349 39501358 39501358 
39501369 39501379 39501399 39501402 39501444 39501445 39501448 39501461 39501469 39501475 39501479 39501505 39501512 39501512 39501532 39501533 39501564 39501604 39501617 39501623 
39501624 39501629 39501635 39501655 39501674 39501710 39501746 39501747 39501779 39501786 39501808 39502089 39502299 39502334 39502371 39502371 39502376 39502399 39502401 39502406 
39502431 39502456 39502478 39502479 39502483 39502488 39502507 39502508 39502518 39502519 39502524 39502534 39502534 39502550 39502550 39502553 39502582 39502591 39502627 39502627 
39502627 39502634 39502649 39502651 39502660 39502663 39502665 39502680 39502687 39502692 39502695 39502696 39502724 39502764 39502769 39502774 39502782 39502798 39502805 39502813 
39502815 39502819 39502823 39502828 39502851 39502861 39502863 39502873 39502907 39502907 39502917 39502921 39502923 39502926 39502939 39502945 39502953 39502957 39502986 39502994 
39503041 39503048 39503054 39503072 39503087 39503089 39503090 39503099 39503110 39503216 39503223 39503244 39503266 39503474 39503477 39503511 39503538 39503551 39503558 39503572 
39503591 39503624 39503626 39503630 39503641 39503646 39503648 39503656 39503666 39503705 39503706 39503731 39503768 39503773 39503773 39503777 39503795 39503804 39503805 39503807 
39503813 39503831 39503836 39503840 39503843 39503847 39503862 39503890 39503916 39503918 39503924 39503934 39503945 39503946 39503951 39503952 39503953 39503973 39503974 39503977 
39503991 39504008 39504023 39504026 39504061 39504074 39504076 39504089 39504103 39504104 39504109 39504110 39504115 39504121 39504122 39504136 39504140 39504153 39504174 39504220 
39504224 39504228 39504229 39504232 39504238 39504249 39504262 39504265 39504268 39504276 39504277 39504294 39504300 39504319 39504345 39504346 39504346 39504349 39504366 39504372 
39504375 39504379 39504391 39504398 39504403 39504415 39504439 39504479 39504485 39504486 39504487 39504504 39504513 39504521 39504524 39504531 39504547 39504561 39504593 39504595 
39504600 39504601 39504602 39504611 39504625 39504629 39504629 39504630 39504636 39504656 39504656 39504658 39504672 39504697 39504697 39504700 39504720 39504724 39504740 39504750 
39504766 39504774 39504775 39504795 39504807 39504809 39504814 39504823 39504826 39504827 39504831 39504837 39504840 39504844 39504860 39504880 39504880 39504887 39504889 39504904 
39504905 39504906 39504909 39504911 39504915 39504916 39504930 39504932 39504934 39504942 39504942 39504943 39504961 39504969 39504970 39504972 39504992 39504997 39505000 39505002 
39505003 39505008 39505017 39505019 39505021 39505023 39505024 39505038 39505044 39505046 39505053 39505082 39505090 39505093 39505095 39505095 39505097 39505100 39505101 39505104 
39505105 39505107 39505111 39505112 39505128 39505136 39505142 39505147 39505153 39505159 39505165 39505168 39505171 39505174 39505175 39505183 39505189 39505190 39505194 39505201 
39505208 39505213 39505223 39505232 39505236 39505237 39505250 39505259 39505259 39505262 39505265 39505279 39505285 39505286 39505287 39505289 39505290 39505293 39505296 39505301 
39505306 39505310 39505314 39505316 39505329 39505361 39505361 39505367 39505373 39505378 39505380 39505387 39505390 39505390 39505394 39505396 39505404 39505412 39505413 39505436 
39633140 39633212 39633226 39633263 39633266 39633280 39633288 39633289 39633335 39633337 39633356 39633365 39633377 39633393 39633398 39633404 39633458 39633464 39633502 39633508 
39633512 39633521 39633531 39633572 39633654 39633663 39633664 39633730 39633982 39634171 39634186 39634234 39634238 39634290 39634302 39634305 39634314 39634318 39634322 39634347 
39634362 39634375 39634385 39634401 39634402 39634403 39634427 39634430 39634439 39634445 39634449 39634458 39634461 39634473 39634475 39634498 39634523 39634525 39634528 39634533 
39634535 39634541 39634561 39634570 39634576 39634589 39634600 39634606 39634612 39634623 39634632 39634655 39634675 39634682 39634684 39634687 39634687 39634689 39634713 39634725 
39634725 39634742 39634761 39634766 39634771 39634778 39634804 39634806 39634831 39634832 39634840 39634849 39634851 39634860 39634881 39634881 39634897 39634910 39634918 39634941 
39634963 39634987 39634990 39635007 39635071 39635118 39635159 39635580 39635606 39635649 39635703 39635710 39635721 39635728 39635743 39635763 39635773 39635784 39635791 39635792 
39635798 39635827 39635846 39635852 39635853 39635864 39635876 39635878 39635884 39635885 39635890 39635905 39635912 39635925 39635934 39635938 39635939 39635942 39635968 39635995 
39635995 39636008 39636011 39636012 39636024 39636025 39636043 39636056 39636075 39636085 39636091 39636092 39636112 39636117 39636134 39636157 39636158 39636159 39636169 39636171 
39636179 39636191 39636204 39636204 39636222 39636231 39636241 39636260 39636269 39636275 39636298 39636301 39636307 39636315 39636330 39636347 39636367 39636377 39636392 39636434 
39636451 39636463 39636474 39636482 39636529 39636543 39636591 39636917 39636965 39637085 39637106 39637107 39637139 39637172 39637174 39637187 39637195 39637216 39637218 39637218 
39637228 39637242 39637255 39637257 39637262 39637272 39637279 39637310 39637320 39637324 39637328 39637338 39637340 39637358 39637365 39637374 39637378 39637382 39637400 39637401 
39637404 39637414 39637419 39637448 39637454 39637467 39637471 39637491 39637493 39637494 39637502 39637509 39637514 39637570 39637576 39637585 39637592 39637602 39637631 39637636 
39637638 39637644 39637648 39637666 39637677 39637707 39637713 39637726 39637729 39637756 39637786 39637786 39637787 39637811 39637816 39637828 39637862 39637875 39637898 39637926 
39637969 39637974 39638017 39638058 39638108 39638112 39638183 39638222 39638228 39638297 39638322 39638326 39638367 39638370 39638370 39638392 39638395 39638405 39638435 39638450 
39638463 39638468 39638470 39638498 39638503 39638506 39638513 39638516 39638529 39638529 39638533 39638535 39638557 39638587 39638601 39638609 39638611 39638625 39638628 39638629 
39638655 39638660 39638665 39638685 39638686 39638690 39638693 39638698 39638735 39638736 39638759 39638759 39638769 39638777 39638793 39638795 39638808 39638810 39638819 39638820 
39638829 39638831 39638852 39638853 39638877 39638880 39638886 39638906 39638916 39638920 39638925 39638959 39638964 39638967 39638968 39638970 39638972 39638999 39639037 39639043 
39639043 39639049 39639056 39639075 39639092 39639094 39639102 39639105 39639106 39639109 39639133 39639180 39639184 39639187 39639209 39639217 39639224 39639225 39639227 39639257 
39639274 39639282 39639284 39639301 39639316 39639325 39639333 39639334 39639336 39639343 39639363 39639367 39639378 39639410 39639414 39639426 39639428 39639456 39639463 39639468 
39639479 39639491 39639495 39639501 39639506 39639511 39639527 39639542 39639547 39639547 39639553 39639571 39639582 39639590 39639593 39639594 39639606 39639615 39639616 39639626 
39639630 39639641 39639655 39639658 39639659 39639659 39639671 39639671 39639682 39639683 39639689 39639695 39639695 39639708 39639708 39639716 39639719 39639720 39639730 39639737 
39639742 39639748 39639753 39639753 39639756 39639757 39639773 39639778 39639781 39639786 39639788 39639789 39639792 39639797 39639798 39639808 39639821 39639830 39639830 39639833 
39639844 39639852 39639865 39639871 39639878 39639883 39639889 39639900 39639901 39639907 39639909 39639911 39639927 39639941 39639959 39639961 39639963 39639972 39639974 39639974 
39639995 39639996 39640003 39640011 39640017 39640018 39640019 39640019 39640037 39640043 39640043 39640044 39640045 39640045 39640065 39640077 39640079 39640082 39640086 39640087 
39640090 39640091 39640095 39640099 39640106 39640113 39640115 39640124 39640135 39640148 39640153 39640157 39640159 39640160 39640161 39640162 39640181 39640182 39640191 39640192 
39640210 39640211 39640214 39640223 39640224 39640230 39640236 39640236 39640248 39640250 39640261 39640287 39667067 39667193 39667204 39667213 39667219 39667238 39667289 39667298 
39667310 39667322 39667325 39667328 39667339 39667357 39667378 39667431 39667481 39667506 39667512 39667551 39667634 39667636 39667704 39667811 39668089 39668096 39668125 39668154 
39668166 39668179 39668192 39668219 39668223 39668230 39668235 39668236 39668244 39668245 39668246 39668258 39668264 39668293 39668301 39668316 39668332 39668344 39668353 39668356 
39668362 39668381 39668382 39668382 39668387 39668389 39668391 39668395 39668396 39668428 39668445 39668459 39668475 39668486 39668498 39668500 39668519 39668528 39668531 39668537 
39668544 39668545 39668547 39668548 39668548 39668583 39668600 39668608 39668636 39668644 39668650 39668657 39668665 39668679 39668683 39668684 39668687 39668689 39668699 39668735 
39668739 39668760 39668783 39668789 39668804 39668817 39668842 39668897 39668919 39668953 39668955 39668962 39669073 39669254 39669532 39669551 39669564 39669569 39669573 39669640 
39669649 39669672 39669692 39669695 39669701 39669705 39669706 39669718 39669721 39669728 39669747 39669762 39669778 39669783 39669819 39669821 39669825 39669825 39669840 39669847 
39669849 39669856 39669860 39669863 39669869 39669873 39669874 39669909 39669918 39669938 39669964 39669966 39669976 39669980 39669981 39669993 39669998 39670004 39670012 39670015 
39670016 39670021 39670058 39670063 39670087 39670105 39670113 39670124 39670126 39670144 39670152 39670167 39670175 39670207 39670208 39670244 39670250 39670262 39670272 39670275 
39670280 39670297 39670299 39670308 39670323 39670380 39670397 39670406 39670425 39670455 39670905 39670961 39671028 39671034 39671042 39671055 39671056 39671076 39671121 39671131 
39671151 39671152 39671163 39671167 39671172 39671173 39671177 39671186 39671187 39671193 39671200 39671225 39671246 39671258 39671272 39671294 39671297 39671302 39671310 39671310 
39671314 39671321 39671333 39671333 39671335 39671343 39671345 39671352 39671365 39671393 39671419 39671429 39671431 39671437 39671447 39671470 39671472 39671475 39671476 39671479 
39671484 39671511 39671534 39671579 39671581 39671582 39671586 39671589 39671595 39671604 39671614 39671625 39671685 39671690 39671722 39671748 39671755 39671759 39671760 39671771 
39671832 39671839 39671858 39671892 39671897 39671925 39672046 39672124 39672172 39672206 39672211 39672273 39672287 39672297 39672319 39672322 39672350 39672352 39672354 39672357 
39672360 39672365 39672419 39672423 39672427 39672429 39672432 39672437 39672471 39672473 39672481 39672492 39672493 39672494 39672497 39672504 39672505 39672518 39672561 39672570 
39672575 39672576 39672593 39672596 39672611 39672621 39672627 39672629 39672641 39672650 39672653 39672660 39672683 39672731 39672736 39672745 39672746 39672754 39672758 39672760 
39672765 39672770 39672776 39672783 39672791 39672797 39672798 39672803 39672814 39672860 39672863 39672869 39672874 39672881 39672883 39672897 39672907 39672908 39672912 39672927 
39672935 39672939 39672967 39672980 39672980 39672983 39672986 39672988 39673014 39673023 39673036 39673040 39673047 39673062 39673067 39673082 39673094 39673099 39673118 39673121 
39673126 39673156 39673156 39673167 39673170 39673178 39673187 39673200 39673214 39673216 39673221 39673225 39673233 39673249 39673257 39673263 39673265 39673265 39673277 39673280 
39673316 39673319 39673322 39673359 39673361 39673361 39673365 39673382 39673382 39673390 39673401 39673406 39673449 39673455 39673461 39673463 39673466 39673471 39673493 39673499 
39673508 39673515 39673523 39673529 39673533 39673535 39673537 39673542 39673549 39673554 39673556 39673564 39673576 39673577 39673577 39673592 39673599 39673606 39673609 39673615 
39673615 39673617 39673626 39673628 39673631 39673641 39673642 39673653 39673656 39673666 39673667 39673674 39673676 39673689 39673697 39673699 39673704 39673707 39673713 39673714 
39673715 39673716 39673721 39673729 39673734 39673749 39673752 39673760 39673766 39673772 39673776 39673781 39673782 39673792 39673792 39673794 39673796 39673817 39673818 39673821 
39673828 39673830 39673838 39673847 39673848 39673856 39673857 39673858 39673861 39673875 39673882 39673882 39673887 39673895 39673899 39673903 39673903 39673908 39673911 39673928 
39673938 39673941 39673949 39673952 39673952 39673952 39673954 39673955 39673967 39673974 39673976 39673977 39673978 39673983 39673986 39673998 39674001 39674016 39674018 39674018 
39674027 39674027 39674038 39674040 39674047 39674050 39674053 39674055 39674058 39674061 39674074 39674076 39674078 39674086 39674086 39674093 39674095 39674095 39674108 39674116 
39674117 39674134 39674141 39674143 39715927 39715971 39715998 39716043 39716053 39716058 39716094 39716118 39716141 39716179 39716193 39716202 39716206 39716310 39716310 39716319 
39716338 39716444 39716446 39716451 39716479 39716487 39716576 39716630 39716734 39716766 39716919 39716922 39716956 39716961 39716976 39717027 39717050 39717052 39717074 39717077 
39717089 39717107 39717123 39717163 39717164 39717168 39717182 39717186 39717194 39717201 39717211 39717213 39717214 39717219 39717223 39717231 39717256 39717258 39717265 39717304 
39717310 39717315 39717341 39717343 39717345 39717352 39717356 39717358 39717360 39717366 39717374 39717384 39717392 39717400 39717408 39717449 39717454 39717458 39717486 39717487 
39717489 39717489 39717498 39717499 39717510 39717520 39717525 39717525 39717525 39717536 39717562 39717599 39717608 39717611 39717637 39717640 39717641 39717645 39717656 39717664 
39717753 39717775 39717784 39717789 39717789 39717804 39717813 39717889 39717920 39717935 39717944 39718040 39718072 39718211 39718370 39718399 39718419 39718441 39718483 39718508 
39718512 39718529 39718539 39718545 39718561 39718578 39718601 39718606 39718616 39718626 39718632 39718645 39718646 39718646 39718652 39718658 39718660 39718681 39718704 39718706 
39718725 39718741 39718756 39718767 39718768 39718775 39718792 39718794 39718797 39718800 39718807 39718813 39718814 39718827 39718848 39718857 39718862 39718882 39718901 39718925 
39718928 39718932 39718941 39718945 39718952 39718953 39718953 39718961 39718965 39718966 39718981 39719011 39719062 39719062 39719081 39719098 39719098 39719112 39719114 39719124 
39719125 39719142 39719205 39719209 39719213 39719242 39719247 39719251 39719267 39719350 39719358 39719370 39719410 39719510 39719859 39719865 39719945 39719947 39719974 39719977 
39719999 39720022 39720032 39720050 39720060 39720064 39720080 39720089 39720090 39720090 39720090 39720100 39720106 39720117 39720119 39720125 39720164 39720165 39720170 39720197 
39720197 39720201 39720231 39720233 39720241 39720241 39720246 39720249 39720255 39720256 39720266 39720268 39720282 39720300 39720325 39720343 39720346 39720367 39720373 39720375 
39720386 39720389 39720389 39720394 39720397 39720420 39720439 39720479 39720486 39720503 39720507 39720514 39720517 39720535 39720536 39720555 39720573 39720577 39720584 39720587 
39720609 39720615 39720618 39720623 39720640 39720660 39720664 39720676 39720678 39720704 39720717 39720719 39720845 39720871 39720900 39720904 39720905 39720914 39720938 39720961 
39720969 39720970 39720990 39720997 39720997 39720998 39721001 39721006 39721006 39721016 39721037 39721052 39721060 39721060 39721068 39721070 39721078 39721082 39721091 39721095 
39721104 39721107 39721110 39721119 39721120 39721132 39721132 39721166 39721166 39721172 39721176 39721186 39721187 39721187 39721188 39721189 39721194 39721205 39721211 39721216 
39721226 39721228 39721237 39721260 39721263 39721269 39721270 39721272 39721273 39721288 39721288 39721291 39721292 39721292 39721295 39721304 39721313 39721334 39721334 39721344 
39721345 39721353 39721362 39721364 39721366 39721377 39721381 39721392 39721394 39721398 39721404 39721413 39721422 39721428 39721433 39721452 39721464 39721468 39721469 39721469 
39721472 39721474 39721482 39721482 39721489 39721517 39721518 39721518 39721523 39721523 39721531 39721535 39721537 39721543 39721547 39721560 39721562 39721568 39721590 39721591 
39721594 39721603 39721608 39721625 39721628 39721629 39721630 39721631 39721637 39721639 39721645 39721652 39721658 39721670 39721671 39721688 39721694 39721709 39721714 39721715 
39721716 39721716 39721720 39721722 39721734 39721738 39721741 39721745 39721757 39721768 39721783 39721794 39721796 39721797 39721798 39721799 39721801 39721806 39721811 39721823 
39721825 39721827 39721832 39721864 39721868 39721871 39721874 39721875 39721877 39721882 39721883 39721885 39721903 39721918 39721919 39721921 39721928 39721933 39721933 39721935 
39721937 39721956 39721965 39721968 39721975 39721981 39721985 39721989 39722004 39722012 39722015 39722029 39722034 39722035 39722047 39722058 39722063 39722067 39722068 39722077 
39722080 39722080 39722084 39722099 39722100 39722100 39722106 39722117 39722129 39722142 39722146 39722146 39722148 39722158 39722159 39722162 39722172 39722177 39722179 39722192 
39722196 39722200 39722202 39722209 39722222 39722233 39722237 39722242 39722243 39722245 39722251 39722256 39722259 39722260 39722262 39722268 39722272 39722272 39722291 39722292 
39722299 39722300 39722303 39722307 39722314 39722316 39722317 39722320 39722322 39722324 39722328 39722362 39722371 39722372 39722379 39722390 
232448240
35.6803ms
